0.070478 110
0.306712 1
0.047688 1
0.159996 1
0.335982 1
0.240193 1
0.165460 3
0.546585 2
0.000383 40
1.207793 1
0.231691 1
0.360030 1
0.167834 1
0.280206 1
0.263939 1
0.143917 1
0.280103 1
0.071834 1
0.216649 1
0.167316 1
0.184694 1
0.215473 1
0.119973 1
0.352389 1
0.640096 1
0.215521 1
0.192080 1
0.544214 1
0.472002 4
0.215928 1
0.095813 1
0.159993 1
0.384568 4
0.167421 4
0.111972 4
0.264690 1
0.095422 1
0.168012 1
0.592371 1
0.783872 1
0.279885 1
0.288045 1
0.167896 1
0.231930 1
0.216042 1
0.143957 1
0.135938 1
0.288034 1
0.167984 1
0.191954 1
0.039985 1
0.712124 1
0.408015 1
0.144007 1
0.160195 1
0.071692 1
0.336121 1
0.143835 1
0.184069 1
0.192195 1
0.191849 1
0.071898 1
0.160033 1
0.384085 1
0.207973 1
0.192005 1
0.191985 1
0.167965 1
0.135981 1
0.216022 1
0.215995 1
0.072054 1
0.231953 1
0.071862 1
0.520286 2
0.803763 77
1.297053 96
3.821218 65
0.002529 69
1.443690 78
0.207409 40
0.632623 1
0.263642 1
0.239924 1
0.135970 1
0.071977 1
0.143990 1
0.071811 1
0.144455 1
0.071763 1
0.496671 1
0.663812 1
0.119539 1
0.095998 1
0.063966 1
0.264518 1
0.095560 1
0.520376 2
0.047382 51
0.000585 40
0.496001 1
0.023590 1
0.504170 1
0.183916 1
0.071905 1
0.168014 1
0.376138 2
0.000406 48
0.927773 1
0.399862 4
0.216064 1
0.071732 1
0.264112 2
0.002828 67
0.000497 48
1.109222 1
0.239606 1
0.231784 1
0.144023 1
0.047727 1
0.168263 1
0.047839 1
0.112055 1
0.095912 1
0.048005 1
0.144069 1
0.216021 1
0.047911 1
0.232233 1
0.384030 2
1.471675 307
0.004315 48
0.820437 1
0.239518 1
0.240072 1
0.135870 1
0.047821 1
0.168230 1
0.047892 1
0.167978 1
0.095986 1
0.088033 1
0.119999 1
0.120008 1
0.120040 1
0.119969 1
0.144032 1
0.087865 1
0.216084 1
0.240087 1
0.120011 1
0.063892 1
0.144050 1
0.456329 2
0.208366 28
0.013916 34
0.004887 441
0.001457 35
0.005236 106
0.000022 128
0.001315 37
0.004395 218
0.005868 48
0.770637 1
0.239739 1
0.232016 1
0.167838 1
0.047792 1
0.168217 1
0.071940 1
0.112113 1
0.071955 1
0.095985 1
0.192041 1
0.047794 1
0.168168 1
0.207989 1
0.928296 2
0.195460 34
0.004551 16
0.001387 19
0.001452 21
0.001400 17
0.001416 16
0.001566 18
0.001552 18
0.001588 18
0.001546 18
0.001568 28
0.001576 15
0.001565 26
0.001634 16
0.001713 17
0.001629 15
0.001818 15
0.001754 20
0.001553 18
0.001594 29
0.001697 24
0.001740 18
0.001540 27
0.001294 16
0.001649 17
0.001331 30
0.001528 18
0.001485 17
0.001453 17
0.001628 17
0.001647 21
0.001486 29
0.001671 17
0.001504 15
0.001542 18
0.001780 15
0.001915 26
0.001795 18
0.001581 18
0.001574 17
0.001392 18
0.001207 17
0.001451 15
0.001472 26
0.001531 27
0.001416 15
0.001495 28
0.001364 21
0.001542 15
0.001545 18
0.001411 16
0.001535 15
0.001710 18
0.001463 17
0.001454 17
0.001481 17
0.001612 15
0.001513 29
0.001550 17
0.001495 17
0.001517 16
0.001463 29
0.001513 18
0.001453 15
0.001446 29
0.001516 19
0.001512 18
0.001544 20
0.001585 24
0.001505 15
0.001559 26
0.001511 18
0.001568 27
0.001519 32
0.001470 29
0.000478 37
0.005097 50
0.001541 45
0.001567 25
0.001567 26
0.001493 24
0.001521 33
0.001589 25
0.001585 25
0.001597 25
0.001573 25
0.001539 34
0.001588 42
0.001506 47
0.001590 20
0.000468 43
0.004675 15
0.001615 15
0.001768 24
0.001838 27
0.001684 17
0.001594 25
0.001661 15
0.001686 15
0.001580 30
0.001617 26
0.001592 36
0.004145 48
0.347904 1
0.263530 1
0.232116 1
0.143886 1
0.095916 1
0.424099 1
0.143950 1
0.240077 1
0.047872 1
0.136010 1
0.240081 1
0.167963 1
0.095981 1
0.088061 1
0.215901 1
0.072342 1
0.616362 2
0.045218 50
0.000803 48
0.977972 1
0.799821 4
0.239677 1
0.240039 1
0.208090 1
0.167727 1
0.095970 1
0.120060 1
0.119992 1
0.255945 1
0.071960 1
0.544413 1
0.119864 1
0.071744 1
0.071943 1
0.096014 1
0.168056 1
0.047815 1
0.704289 1
0.119964 1
0.096024 1
0.215986 1
0.256149 1
0.119874 1
0.263888 1
0.144075 1
0.208025 1
0.664116 1
0.167833 1
0.191883 1
0.240094 1
0.472210 1
0.143931 1
0.207888 1
0.216057 1
0.143916 1
0.208035 1
0.240103 1
0.263858 1
0.160096 1
0.095972 1
0.119963 1
0.120017 1
0.168040 1
0.280012 1
0.191965 1
0.264035 1
0.112031 1
0.071824 1
0.144163 1
0.288040 1
0.000016 1
0.280019 1
0.215954 4
0.216088 4
0.135661 1
0.192251 1
0.808011 2
0.532211 43
0.004981 48
1.031154 2
0.639869 4
0.591906 1
0.239908 1
0.159934 1
0.216048 1
0.640175 4
0.119513 1
0.144113 1
0.095848 1
0.160126 1
0.125984 9
0.634508 1
0.239407 1
0.232452 1
0.102611 1
0.497299 1
0.231918 1
0.143917 1
0.167933 1
0.071956 1
0.232164 1
0.168011 1
0.311942 1
0.712066 2
0.105164 244
0.001906 48
1.173333 1
0.231547 1
0.288194 1
0.143843 1
0.047827 1
0.160199 1
0.047939 1
0.119952 1
0.096194 1
0.095982 1
0.095964 1
0.184201 1
0.215820 1
0.119940 1
0.120068 1
1.184092 2
0.481521 141
0.028725 181
0.138458 48
2.431736 1
0.215736 1
0.239715 1
0.160027 1
0.047747 1
0.168196 1
0.047919 1
0.167956 1
0.072042 1
1.136468 1
0.855895 1
0.143640 1
0.208152 1
0.023946 1
0.192044 1
0.071968 1
0.808210 1
0.207860 1
0.191924 1
0.168112 1
0.143843 1
0.159991 1
0.240054 1
0.047734 1
0.520316 1
0.191811 1
0.232149 1
0.095921 1
0.216017 1
0.312065 1
0.255975 1
0.568134 2
0.039252 77
0.001757 79
0.001909 108
0.001729 8
0.004318 375
0.001744 13
0.003403 257
0.001801 53
0.001842 73
0.000948 48
1.533932 31
0.263531 1
0.169915 1
0.037705 1
0.037630 1
0.036643 1
0.036772 1
0.037643 1
0.036677 1
0.037243 1
0.036514 1
0.037364 1
0.036846 1
0.036739 1
0.037827 1
0.038170 1
0.037846 1
0.037528 1
0.036736 1
0.201950 1
0.167890 1
0.143984 1
0.256768 5
0.143580 5
0.168055 5
0.143924 5
0.231755 2
0.106660 244
0.001978 48
5.299892 1
0.215485 1
0.264095 1
0.135863 1
0.095959 1
0.168046 1
0.095951 1
1.824584 4
0.191718 4
0.167781 4
0.168991 4
0.037203 4
0.036823 4
0.037456 4
0.036819 1
0.036893 1
0.261785 1
0.072009 1
0.207981 2
0.002800 86
0.000489 48
0.356981 1
0.095755 1
0.111911 1
0.144052 1
0.239856 1
0.288160 4
0.496257 2
0.002620 27
0.000574 48
1.533087 1
0.239499 1
0.216189 1
0.135789 1
0.047902 1
0.168026 1
0.048025 1
0.120026 1
0.071971 1
0.071989 1
0.119987 1
0.208097 1
0.239931 1
0.191969 1
0.232167 1
0.263897 2
0.398985 62
0.015834 58
0.443970 62
0.315447 200
0.696059 269
0.005523 7
0.003126 4
0.000229 105
0.000197 68
0.011950 69
0.004718 48
17.720530 1
0.095395 1
0.159906 1
0.095905 1
0.456431 1
0.800182 1
0.079318 4
0.608545 1
0.295366 1
0.488715 1
0.247092 1
0.488653 4
0.143818 4
0.200148 10
0.233060 1
0.943159 2
0.002801 261
0.000570 48
12.804385 6
